cnt	Frequency_[Hz]	Amplitude_[mm]	Phase_Angle_[°]	
1	1.e-003	1.	-1.5489e-010	
2	50.13	1.4763	-0.51791	
3	57.921	1.7342	-0.78432	
4	64.568	2.0726	-1.1261	
5	69.881	2.4845	-1.5348	
6	73.91	2.9466	-1.9877	
7	76.845	3.4223	-2.45	
8	78.921	3.8717	-2.8844	
9	80.359	4.2635	-3.262	
10	81.341	4.5822	-3.5685	
11	82.005	4.8271	-3.8038	
12	82.451	5.0073	-3.9768	
13	82.749	5.1357	-4.1	
14	82.947	5.2251	-4.1858	
15	83.079	5.2864	-4.2445	
16	83.167	5.3279	-4.2843	
17	83.225	5.3558	-4.3111	
18	83.264	5.3744	-4.329	
19	83.289	5.3869	-4.3409	
20	83.306	5.3952	-4.3489	
21	83.34	5.4115	-4.3646	
22	83.373	5.428	-4.3804	
23	83.39	5.4364	-4.3884	
24	83.416	5.4492	-4.4007	
25	83.454	5.4686	-4.4193	
26	83.513	5.4981	-4.4476	
27	83.601	5.5434	-4.491	
28	83.734	5.6131	-4.5578	
29	83.935	5.7218	-4.662	
30	84.238	5.8943	-4.8273	
31	84.696	6.1757	-5.097	
32	85.388	6.6565	-5.5576	
33	86.431	7.5455	-6.4094	
34	88.006	9.4571	-8.2438	
35	88.67	10.589	-9.3329	
36	89.017	11.293	-10.012	
37	90.639	16.359	-14.946	
38	91.747	23.33	-21.94	
39	92.495	32.055	-31.247	
40	92.998	41.354	-42.365	
41	93.334	49.307	-53.814	
42	93.558	54.696	-63.898	
43	93.707	57.725	-71.738	
44	93.806	59.237	-77.371	
45	93.872	59.947	-81.251	
46	93.915	60.271	-83.868	
47	93.944	60.417	-85.617	
48	93.963	60.483	-86.78	
49	94.001	60.541	-89.07	
50	94.039	60.501	-91.361	
51	94.058	60.444	-92.526	
52	94.087	60.311	-94.28	
53	94.13	60.006	-96.909	
54	94.196	59.319	-100.82	
55	94.296	57.828	-106.5	
56	94.446	54.796	-114.45	
57	94.673	49.335	-124.71	
58	95.015	41.213	-136.39	
59	95.531	31.697	-147.72	
60	96.311	22.794	-157.18	
61	97.488	15.712	-164.26	
62	99.264	10.589	-169.24	
63	100.04	9.2599	-170.52	
64	100.45	8.6777	-171.08	
65	102.28	6.7754	-172.9	
66	103.53	5.8901	-173.75	
67	104.37	5.4112	-174.21	
68	104.94	5.1307	-174.48	
69	105.32	4.9589	-174.64	
70	105.57	4.8505	-174.75	
71	105.74	4.7811	-174.82	
72	105.85	4.736	-174.86	
73	105.93	4.7066	-174.89	
74	105.98	4.6872	-174.91	
75	106.01	4.6745	-174.92	
76	106.03	4.6661	-174.93	
77	106.07	4.6497	-174.94	
78	106.12	4.6334	-174.96	
79	106.14	4.6252	-174.97	
80	106.17	4.6127	-174.98	
81	106.22	4.5941	-175.	
82	106.29	4.5663	-175.02	
83	106.41	4.525	-175.06	
84	106.58	4.4639	-175.12	
85	106.83	4.3749	-175.21	
86	107.22	4.2469	-175.33	
87	107.8	4.0673	-175.5	
88	108.68	3.8232	-175.74	
89	110.01	3.5056	-176.05	
90	112.01	3.1151	-176.43	
91	115.04	2.6675	-176.87	
92	119.61	2.1941	-177.35	
93	126.5	1.7354	-177.82	
94	136.91	1.329	-178.28	
95	152.62	1.0007	-178.7	
96	176.34	0.76308	-179.13	
97	212.15	0.62598	-179.65	
98	240.77	0.60714	179.91	
99	260.95	0.63108	179.52	
100	290.9	0.73933	178.72	
101	314.83	0.94279	177.62	
102	332.99	1.2721	176.04	
103	346.21	1.7789	173.72	
104	355.56	2.5373	170.32	
105	362.04	3.6383	165.37	
106	366.47	5.1555	158.36	
107	369.46	7.0543	149.04	
108	371.46	9.0768	137.91	
109	372.81	10.804	126.46	
110	373.7	11.971	116.37	
111	374.3	12.624	108.53	
112	374.69	12.949	102.89	
113	374.95	13.1	99.014	
114	375.13	13.167	96.396	
115	375.24	13.198	94.647	
116	375.32	13.211	93.483	
117	375.47	13.221	91.193	
118	375.62	13.21	88.902	
119	375.7	13.196	87.736	
120	375.81	13.165	85.982	
121	375.99	13.096	83.352	
122	376.25	12.942	79.445	
123	376.38	12.844	77.522	
124	376.51	12.736	75.661	
125	376.78	12.482	71.986	
126	376.95	12.293	69.632	
127	377.07	12.159	68.112	
128	377.14	12.068	67.123	
129	377.29	11.882	65.223	
130	377.45	11.69	63.381	
131	377.52	11.59	62.466	
132	377.64	11.437	61.113	
133	377.81	11.201	59.139	
134	378.08	10.842	56.311	
135	378.48	10.298	52.381	
136	379.08	9.5031	47.17	
137	379.99	8.4124	40.725	
138	381.36	7.0587	33.469	
139	383.44	5.5826	26.161	
140	386.57	4.178	19.584	
141	391.29	2.9913	14.205	
142	398.42	2.0743	10.104	
143	409.18	1.408	7.114	
144	425.43	0.94376	4.9772	
145	428.69	0.88511	4.6986	
146	442.67	0.69945	3.7888	
147	454.63	0.59441	3.2414	
148	462.92	0.53939	2.9371	
149	468.57	0.50786	2.7544	
150	472.4	0.48882	2.6401	
151	474.96	0.47694	2.567	
152	476.68	0.46937	2.5196	
153	477.82	0.46448	2.4886	
154	478.59	0.4613	2.4683	
155	479.09	0.45921	2.4549	
156	479.43	0.45784	2.446	
157	479.65	0.45693	2.4402	
158	479.8	0.45634	2.4363	
159	479.89	0.45594	2.4338	
160	480.09	0.45517	2.4288	
161	480.28	0.4544	2.4238	
162	480.38	0.45401	2.4212	
163	480.52	0.45342	2.4174	
164	480.75	0.45254	2.4116	
165	481.08	0.45121	2.4029	
166	481.59	0.44922	2.3899	
167	482.36	0.44627	2.3704	
168	483.52	0.44189	2.3412	
169	485.26	0.43549	2.298	
170	487.9	0.42626	2.2344	
171	491.88	0.41324	2.1416	
172	496.34	0.39985	2.0419	
173	500.31	0.38891	1.9565	
174	504.39	0.37849	1.8713	
175	507.13	0.37195	1.8154	
176	508.97	0.36777	1.7786	
177	510.19	0.36506	1.7543	
178	511.	0.36329	1.7382	
179	511.54	0.36214	1.7276	
180	511.9	0.36137	1.7205	
181	512.14	0.36087	1.7159	
182	512.29	0.36054	1.7128	
183	512.4	0.36032	1.7107	
184	512.6	0.35989	1.7067	
185	512.81	0.35946	1.7027	
186	512.91	0.35925	1.7006	
187	513.07	0.35892	1.6976	
188	513.31	0.35843	1.6929	
189	513.67	0.35769	1.6859	
190	514.21	0.35658	1.6753	
191	515.03	0.35494	1.6595	
192	516.26	0.3525	1.6356	
193	518.13	0.34893	1.5998	
194	520.95	0.34377	1.5462	
195	525.2	0.3365	1.4663	
196	531.62	0.32662	1.347	
197	535.62	0.32105	1.2729	
198	538.66	0.31713	1.2168	
199	545.25	0.30945	1.0948	
200	549.7	0.30485	1.0116	
201	552.68	0.30203	0.95519	
202	554.68	0.30025	0.91716	
203	556.01	0.29911	0.89165	
204	556.9	0.29838	0.87462	
205	557.49	0.2979	0.86326	
206	557.88	0.29759	0.85571	
207	558.14	0.29738	0.8507	
208	558.31	0.29725	0.84737	
209	558.42	0.29716	0.84516	
210	558.64	0.29698	0.84083	
211	558.87	0.29681	0.83648	
212	558.98	0.29672	0.83427	
213	559.15	0.29659	0.83092	
214	559.41	0.29639	0.82587	
215	559.8	0.29609	0.81822	
216	560.4	0.29565	0.80666	
217	561.29	0.29499	0.78914	
218	562.64	0.29403	0.76254	
219	564.67	0.29266	0.72201	
220	567.74	0.29075	0.6599	
221	572.37	0.28822	0.56374	
222	579.37	0.28524	0.41203	
223	589.92	0.28261	0.1638	
224	597.37	0.28216	-2.9391e-002	
225	600.	0.28229	-0.10192	
