	Frequency [Hz]	Amplitude [mm]	Phase Angle [°]	
1	1.e-003	2.8305e-016	-8.2977e-006	
2	50.13	9.8868e-011	176.7	
3	57.921	2.4133e-010	176.16	
4	64.568	5.3687e-010	175.31	
5	69.881	1.107e-009	174.05	
6	73.91	2.1411e-009	172.22	
7	76.845	3.9167e-009	169.61	
8	78.921	6.8099e-009	165.9	
9	80.359	1.1272e-008	160.66	
10	81.341	1.7689e-008	153.4	
11	82.005	2.5995e-008	143.9	
12	82.451	3.5133e-008	132.63	
13	82.749	4.3241e-008	121.07	
14	82.947	4.9007e-008	110.92	
15	83.079	5.2473e-008	103.02	
16	83.167	5.4369e-008	97.357	
17	83.225	5.5376e-008	93.453	
18	83.264	5.5914e-008	90.82	
19	83.289	5.6209e-008	89.061	
20	83.306	5.6377e-008	87.891	
21	83.34	5.664e-008	85.588	
22	83.373	5.6814e-008	83.283	
23	83.39	5.6868e-008	82.11	
24	83.416	5.6906e-008	80.345	
25	83.454	5.6865e-008	77.7	
26	83.513	5.6585e-008	73.769	
27	83.601	5.5715e-008	68.043	
28	83.734	5.36e-008	60.037	
29	83.935	4.9389e-008	49.684	
30	84.238	4.2754e-008	37.86	
31	84.696	3.4751e-008	26.285	
32	85.388	2.7273e-008	16.409	
33	86.431	2.1685e-008	8.5441	
34	88.006	1.8745e-008	1.8425	
35	88.67	1.8583e-008	-0.44152	
36	89.017	1.8707e-008	-1.6303	
37	90.639	2.1488e-008	-8.277	
38	91.747	2.6862e-008	-16.03	
39	92.495	3.4055e-008	-25.729	
40	92.998	4.1758e-008	-37.068	
41	93.334	4.8184e-008	-48.649	
42	93.558	5.2322e-008	-58.815	
43	93.707	5.4454e-008	-66.707	
44	93.806	5.5369e-008	-72.373	
45	93.872	5.5694e-008	-76.274	
46	93.915	5.5771e-008	-78.906	
47	93.944	5.5759e-008	-80.664	
48	93.963	5.5722e-008	-81.833	
49	94.001	5.5584e-008	-84.134	
50	94.039	5.5358e-008	-86.437	
51	94.058	5.521e-008	-87.608	
52	94.087	5.4944e-008	-89.371	
53	94.13	5.445e-008	-92.014	
54	94.196	5.3508e-008	-95.939	
55	94.296	5.17e-008	-101.66	
56	94.446	4.834e-008	-109.65	
57	94.673	4.2666e-008	-119.97	
58	95.015	3.4607e-008	-131.73	
59	95.531	2.5487e-008	-143.17	
60	96.311	1.7205e-008	-152.77	
61	97.488	1.0824e-008	-160.	
62	99.264	6.3941e-009	-165.09	
63	100.04	5.2876e-009	-166.37	
64	100.45	4.8105e-009	-166.93	
65	102.28	3.2928e-009	-168.65	
66	103.53	2.6131e-009	-169.36	
67	104.37	2.254e-009	-169.68	
68	104.94	2.0468e-009	-169.84	
69	105.32	1.9211e-009	-169.93	
70	105.57	1.8422e-009	-169.97	
71	105.74	1.7919e-009	-170.	
72	105.85	1.7593e-009	-170.02	
73	105.93	1.7381e-009	-170.02	
74	105.98	1.7241e-009	-170.03	
75	106.01	1.7149e-009	-170.03	
76	106.03	1.7089e-009	-170.04	
77	106.07	1.6971e-009	-170.04	
78	106.12	1.6854e-009	-170.05	
79	106.14	1.6794e-009	-170.05	
80	106.17	1.6705e-009	-170.05	
81	106.22	1.6572e-009	-170.05	
82	106.29	1.6372e-009	-170.06	
83	106.41	1.6076e-009	-170.07	
84	106.58	1.564e-009	-170.08	
85	106.83	1.5007e-009	-170.08	
86	107.22	1.4101e-009	-170.08	
87	107.8	1.2841e-009	-170.03	
88	108.68	1.1145e-009	-169.89	
89	110.01	8.9709e-010	-169.47	
90	112.01	6.3445e-010	-168.21	
91	115.04	3.3936e-010	-163.49	
92	119.61	6.9669e-011	-98.905	
93	126.5	3.1711e-010	-9.0374	
94	136.91	6.6298e-010	-3.5177	
95	152.62	1.1032e-009	-2.2043	
96	176.34	1.8259e-009	-1.9052	
97	212.15	3.4373e-009	-2.0824	
98	240.77	5.6371e-009	-2.432	
99	260.95	8.1231e-009	-2.7948	
100	290.9	1.48e-008	-3.6268	
101	314.83	2.6235e-008	-4.8111	
102	332.99	4.5117e-008	-6.4968	
103	346.21	7.521e-008	-8.9167	
104	355.56	1.2156e-007	-12.414	
105	362.04	1.9023e-007	-17.449	
106	366.47	2.8629e-007	-24.519	
107	369.46	4.0816e-007	-33.881	
108	371.46	5.3996e-007	-45.037	
109	372.81	6.5477e-007	-56.513	
110	373.7	7.346e-007	-66.615	
111	374.3	7.8116e-007	-74.468	
112	374.69	8.0567e-007	-80.109	
113	374.95	8.1806e-007	-83.994	
114	375.13	8.2431e-007	-86.615	
115	375.24	8.2753e-007	-88.366	
116	375.32	8.2924e-007	-89.531	
117	375.47	8.3162e-007	-91.824	
118	375.62	8.3268e-007	-94.118	
119	375.7	8.3271e-007	-95.285	
120	375.81	8.3211e-007	-97.041	
121	375.99	8.2975e-007	-99.674	
122	376.25	8.2303e-007	-103.59	
123	376.38	8.1833e-007	-105.51	
124	376.51	8.129e-007	-107.37	
125	376.78	7.9967e-007	-111.05	
126	376.95	7.8948e-007	-113.41	
127	377.07	7.8219e-007	-114.93	
128	377.14	7.7715e-007	-115.92	
129	377.29	7.6683e-007	-117.83	
130	377.45	7.5603e-007	-119.67	
131	377.52	7.5037e-007	-120.59	
132	377.64	7.4166e-007	-121.94	
133	377.81	7.2821e-007	-123.92	
134	378.08	7.0745e-007	-126.75	
135	378.48	6.7578e-007	-130.69	
136	379.08	6.2897e-007	-135.91	
137	379.99	5.6402e-007	-142.38	
138	381.36	4.8263e-007	-149.66	
139	383.44	3.9324e-007	-157.01	
140	386.57	3.0798e-007	-163.66	
141	391.29	2.3644e-007	-169.15	
142	398.42	1.828e-007	-173.46	
143	409.18	1.4768e-007	-176.85	
144	425.43	1.3327e-007	-179.94	
145	428.69	1.3364e-007	179.51	
146	442.67	1.4712e-007	176.85	
147	454.63	1.8286e-007	173.17	
148	462.92	2.4015e-007	168.12	
149	468.57	3.2108e-007	161.1	
150	472.4	4.2258e-007	151.79	
151	474.96	5.2974e-007	140.68	
152	476.68	6.1962e-007	129.24	
153	477.82	6.7861e-007	119.17	
154	478.59	7.1013e-007	111.33	
155	479.09	7.2463e-007	105.71	
156	479.43	7.3057e-007	101.83	
157	479.65	7.3269e-007	99.215	
158	479.8	7.3326e-007	97.467	
159	479.89	7.3326e-007	96.305	
160	480.09	7.3238e-007	94.018	
161	480.28	7.3033e-007	91.729	
162	480.38	7.2885e-007	90.564	
163	480.52	7.2604e-007	88.812	
164	480.75	7.2056e-007	86.185	
165	481.08	7.0964e-007	82.283	
166	481.59	6.8787e-007	76.602	
167	482.36	6.4621e-007	68.665	
168	483.52	5.7428e-007	58.42	
169	485.26	4.7037e-007	46.771	
170	487.9	3.5106e-007	35.488	
171	491.88	2.4111e-007	26.123	
172	496.34	1.7159e-007	20.542	
173	500.31	1.3319e-007	17.583	
174	504.39	1.0599e-007	15.579	
175	507.13	9.2141e-008	14.613	
176	508.97	8.4303e-008	14.092	
177	510.19	7.9594e-008	13.791	
178	511.	7.6662e-008	13.61	
179	511.54	7.4796e-008	13.497	
180	511.9	7.3592e-008	13.426	
181	512.14	7.2807e-008	13.38	
182	512.29	7.2294e-008	13.35	
183	512.4	7.1956e-008	13.33	
184	512.6	7.1298e-008	13.292	
185	512.81	7.0649e-008	13.255	
186	512.91	7.0321e-008	13.236	
187	513.07	6.983e-008	13.209	
188	513.31	6.9097e-008	13.168	
189	513.67	6.801e-008	13.108	
190	514.21	6.6411e-008	13.022	
191	515.03	6.4089e-008	12.901	
192	516.26	6.0777e-008	12.739	
193	518.13	5.6175e-008	12.539	
194	520.95	5.0001e-008	12.329	
195	525.2	4.2094e-008	12.208	
196	531.62	3.2524e-008	12.466	
197	535.62	2.7602e-008	12.926	
198	538.66	2.4278e-008	13.462	
199	545.25	1.8034e-008	15.381	
200	549.7	1.4397e-008	17.584	
201	552.68	1.217e-008	19.742	
202	554.68	1.077e-008	21.642	
203	556.01	9.8746e-009	23.183	
204	556.9	9.2959e-009	24.362	
205	557.49	8.9191e-009	25.223	
206	557.88	8.6724e-009	25.834	
207	558.14	8.5102e-009	26.257	
208	558.31	8.4034e-009	26.546	
209	558.42	8.3329e-009	26.742	
210	558.64	8.1952e-009	27.135	
211	558.87	8.0583e-009	27.541	
212	558.98	7.9889e-009	27.753	
213	559.15	7.8846e-009	28.08	
214	559.41	7.7283e-009	28.588	
215	559.8	7.4949e-009	29.394	
216	560.4	7.1484e-009	30.704	
217	561.29	6.6396e-009	32.922	
218	562.64	5.9077e-009	36.939	
219	564.67	4.9044e-009	45.052	
220	567.74	3.7412e-009	64.272	
221	572.37	3.4214e-009	107.85	
222	579.37	5.8442e-009	147.25	
223	589.92	1.1041e-008	163.31	
224	597.37	1.4957e-008	167.32	
225	600.	1.6382e-008	168.23	
