	Frequency [Hz]	Amplitude [mm]	Phase Angle [°]	
1	1.e-003	8.0256e-019	1.877e-002	
2	50.13	3.3072e-011	178.85	
3	57.921	4.4161e-011	178.85	
4	64.568	5.4891e-011	178.85	
5	69.881	6.4305e-011	178.85	
6	73.91	7.1938e-011	178.85	
7	76.845	7.7764e-011	178.85	
8	78.921	8.2019e-011	178.86	
9	80.359	8.503e-011	178.86	
10	81.341	8.7115e-011	178.86	
11	82.005	8.8537e-011	178.86	
12	82.451	8.9498e-011	178.86	
13	82.749	9.0144e-011	178.86	
14	82.947	9.0575e-011	178.86	
15	83.079	9.0862e-011	178.86	
16	83.167	9.1053e-011	178.86	
17	83.225	9.118e-011	178.86	
18	83.264	9.1264e-011	178.86	
19	83.289	9.132e-011	178.86	
20	83.306	9.1357e-011	178.86	
21	83.34	9.1429e-011	178.86	
22	83.373	9.1502e-011	178.86	
23	83.39	9.1539e-011	178.86	
24	83.416	9.1595e-011	178.86	
25	83.454	9.168e-011	178.86	
26	83.513	9.1807e-011	178.86	
27	83.601	9.2e-011	178.86	
28	83.734	9.2291e-011	178.86	
29	83.935	9.2732e-011	178.86	
30	84.238	9.3399e-011	178.86	
31	84.696	9.4409e-011	178.86	
32	85.388	9.5941e-011	178.87	
33	86.431	9.8271e-011	178.87	
34	88.006	1.0182e-010	178.88	
35	88.67	1.0331e-010	178.89	
36	89.017	1.041e-010	178.9	
37	90.639	1.0772e-010	178.96	
38	91.747	1.101e-010	179.07	
39	92.495	1.1163e-010	179.27	
40	92.998	1.127e-010	179.55	
41	93.334	1.136e-010	179.85	
42	93.558	1.1441e-010	-179.92	
43	93.707	1.1508e-010	-179.78	
44	93.806	1.1559e-010	-179.7	
45	93.872	1.1595e-010	-179.67	
46	93.915	1.1619e-010	-179.66	
47	93.944	1.1636e-010	-179.65	
48	93.963	1.1647e-010	-179.65	
49	94.001	1.1668e-010	-179.64	
50	94.039	1.169e-010	-179.65	
51	94.058	1.1701e-010	-179.65	
52	94.087	1.1717e-010	-179.66	
53	94.13	1.1742e-010	-179.67	
54	94.196	1.1778e-010	-179.71	
55	94.296	1.183e-010	-179.78	
56	94.446	1.1899e-010	-179.92	
57	94.673	1.1983e-010	179.85	
58	95.015	1.2079e-010	179.55	
59	95.531	1.2194e-010	179.27	
60	96.311	1.2364e-010	179.07	
61	97.488	1.2637e-010	178.95	
62	99.264	1.3077e-010	178.9	
63	100.04	1.3275e-010	178.89	
64	100.45	1.3382e-010	178.88	
65	102.28	1.3865e-010	178.87	
66	103.53	1.4203e-010	178.86	
67	104.37	1.4434e-010	178.86	
68	104.94	1.459e-010	178.86	
69	105.32	1.4695e-010	178.86	
70	105.57	1.4766e-010	178.86	
71	105.74	1.4812e-010	178.86	
72	105.85	1.4844e-010	178.86	
73	105.93	1.4864e-010	178.86	
74	105.98	1.4878e-010	178.86	
75	106.01	1.4887e-010	178.86	
76	106.03	1.4893e-010	178.86	
77	106.07	1.4905e-010	178.86	
78	106.12	1.4917e-010	178.86	
79	106.14	1.4923e-010	178.86	
80	106.17	1.4932e-010	178.86	
81	106.22	1.4946e-010	178.86	
82	106.29	1.4967e-010	178.86	
83	106.41	1.4998e-010	178.86	
84	106.58	1.5046e-010	178.86	
85	106.83	1.5118e-010	178.86	
86	107.22	1.5227e-010	178.86	
87	107.8	1.5393e-010	178.86	
88	108.68	1.5645e-010	178.86	
89	110.01	1.603e-010	178.85	
90	112.01	1.662e-010	178.85	
91	115.04	1.7532e-010	178.85	
92	119.61	1.8958e-010	178.85	
93	126.5	2.1219e-010	178.85	
94	136.91	2.4882e-010	178.85	
95	152.62	3.0984e-010	178.84	
96	176.34	4.1518e-010	178.84	
97	212.15	6.0525e-010	178.83	
98	240.77	7.8551e-010	178.81	
99	260.95	9.2886e-010	178.8	
100	290.9	1.1697e-009	178.76	
101	314.83	1.3927e-009	178.7	
102	332.99	1.5908e-009	178.56	
103	346.21	1.7677e-009	178.27	
104	355.56	1.9346e-009	177.68	
105	362.04	2.1044e-009	176.49	
106	366.47	2.2842e-009	174.29	
107	369.46	2.4618e-009	170.66	
108	371.46	2.5996e-009	165.67	
109	372.81	2.6595e-009	160.16	
110	373.7	2.6437e-009	155.3	
111	374.3	2.5887e-009	151.67	
112	374.69	2.5274e-009	149.22	
113	374.95	2.4755e-009	147.64	
114	375.13	2.4362e-009	146.64	
115	375.24	2.4082e-009	146.01	
116	375.32	2.3888e-009	145.6	
117	375.47	2.3489e-009	144.84	
118	375.62	2.3069e-009	144.13	
119	375.7	2.2848e-009	143.79	
120	375.81	2.2507e-009	143.32	
121	375.99	2.1977e-009	142.69	
122	376.25	2.1155e-009	141.95	
123	376.38	2.0739e-009	141.69	
124	376.51	2.0331e-009	141.5	
125	376.78	1.9516e-009	141.34	
126	376.95	1.8992e-009	141.4	
127	377.07	1.8655e-009	141.51	
128	377.14	1.8437e-009	141.62	
129	377.29	1.8023e-009	141.9	
130	377.45	1.7628e-009	142.28	
131	377.52	1.7435e-009	142.5	
132	377.64	1.7154e-009	142.88	
133	377.81	1.6757e-009	143.55	
134	378.08	1.622e-009	144.72	
135	378.48	1.555e-009	146.82	
136	379.08	1.4845e-009	150.4	
137	379.99	1.4345e-009	155.87	
138	381.36	1.4378e-009	162.67	
139	383.44	1.51e-009	169.05	
140	386.57	1.6342e-009	173.6	
141	391.29	1.7839e-009	176.23	
142	398.42	1.9486e-009	177.58	
143	409.18	2.1387e-009	178.22	
144	425.43	2.3829e-009	178.52	
145	428.69	2.4298e-009	178.55	
146	442.67	2.6288e-009	178.63	
147	454.63	2.7996e-009	178.66	
148	462.92	2.9194e-009	178.68	
149	468.57	3.0022e-009	178.69	
150	472.4	3.0586e-009	178.69	
151	474.96	3.0967e-009	178.69	
152	476.68	3.1223e-009	178.69	
153	477.82	3.1394e-009	178.69	
154	478.59	3.1508e-009	178.7	
155	479.09	3.1584e-009	178.7	
156	479.43	3.1634e-009	178.7	
157	479.65	3.1668e-009	178.7	
158	479.8	3.169e-009	178.7	
159	479.89	3.1705e-009	178.7	
160	480.09	3.1733e-009	178.7	
161	480.28	3.1762e-009	178.7	
162	480.38	3.1777e-009	178.7	
163	480.52	3.1799e-009	178.7	
164	480.75	3.1833e-009	178.7	
165	481.08	3.1884e-009	178.7	
166	481.59	3.196e-009	178.7	
167	482.36	3.2076e-009	178.7	
168	483.52	3.2251e-009	178.7	
169	485.26	3.2516e-009	178.7	
170	487.9	3.2919e-009	178.7	
171	491.88	3.353e-009	178.7	
172	496.34	3.4222e-009	178.7	
173	500.31	3.4843e-009	178.71	
174	504.39	3.5488e-009	178.71	
175	507.13	3.5925e-009	178.71	
176	508.97	3.6219e-009	178.71	
177	510.19	3.6415e-009	178.71	
178	511.	3.6546e-009	178.71	
179	511.54	3.6633e-009	178.71	
180	511.9	3.6691e-009	178.71	
181	512.14	3.6729e-009	178.71	
182	512.29	3.6755e-009	178.71	
183	512.4	3.6771e-009	178.71	
184	512.6	3.6805e-009	178.71	
185	512.81	3.6838e-009	178.71	
186	512.91	3.6855e-009	178.71	
187	513.07	3.688e-009	178.71	
188	513.31	3.6919e-009	178.71	
189	513.67	3.6977e-009	178.71	
190	514.21	3.7065e-009	178.71	
191	515.03	3.7198e-009	178.71	
192	516.26	3.74e-009	178.71	
193	518.13	3.7705e-009	178.71	
194	520.95	3.8169e-009	178.71	
195	525.2	3.8874e-009	178.71	
196	531.62	3.9953e-009	178.71	
197	535.62	4.0635e-009	178.71	
198	538.66	4.1156e-009	178.71	
199	545.25	4.2298e-009	178.71	
200	549.7	4.308e-009	178.71	
201	552.68	4.361e-009	178.72	
202	554.68	4.3967e-009	178.72	
203	556.01	4.4208e-009	178.73	
204	556.9	4.437e-009	178.73	
205	557.49	4.4478e-009	178.73	
206	557.88	4.455e-009	178.73	
207	558.14	4.4598e-009	178.73	
208	558.31	4.463e-009	178.73	
209	558.42	4.4651e-009	178.73	
210	558.64	4.4692e-009	178.73	
211	558.87	4.4734e-009	178.73	
212	558.98	4.4755e-009	178.73	
213	559.15	4.4787e-009	178.73	
214	559.41	4.4835e-009	178.73	
215	559.8	4.4908e-009	178.73	
216	560.4	4.5017e-009	178.73	
217	561.29	4.5182e-009	178.73	
218	562.64	4.543e-009	178.72	
219	564.67	4.5804e-009	178.72	
220	567.74	4.6369e-009	178.71	
221	572.37	4.723e-009	178.7	
222	579.37	4.855e-009	178.7	
223	589.92	5.0589e-009	178.69	
224	597.37	5.2063e-009	178.69	
225	600.	5.259e-009	178.68	
